>> num = [2 0 0 0]

num =

     2     0     0     0

>> den = [1 6 6 6 2]

den =

     1     6     6     6     2

>> filter_design_lab

num =

     2     0     0     0


den =

     1     6     6     2


mag =

    0.0000
    0.0000
    0.0000
    0.0000
    0.0000
    0.0000
    0.0000
    0.0000
    0.0001
    0.0001
    0.0001
    0.0002
    0.0003
    0.0005
    0.0008
    0.0010
    0.0013
    0.0021
    0.0033
    0.0052
    0.0081
    0.0125
    0.0192
    0.0292
    0.0436
    0.0640
    0.0918
    0.1280
    0.1733
    0.2278
    0.2911
    0.3123
    0.3630
    0.4435
    0.5325
    0.6300
    0.7358
    0.8491
    0.9683
    1.0910
    1.2141
    1.3338
    1.4466
    1.5491
    1.6393
    1.7162
    1.7798
    1.7952
    1.8312
    1.8718
    1.9034
    1.9277
    1.9461
    1.9599
    1.9703
    1.9781
    1.9838
    1.9881
    1.9912
    1.9935
    1.9952
    1.9965
    1.9974
    1.9976


phase =

  268.2812
  267.7919
  267.4247
  266.9965
  266.4971
  265.9147
  265.2355
  264.4434
  263.5198
  262.4429
  261.1872
  259.7234
  258.0172
  256.0288
  253.7125
  252.8413
  251.0153
  247.8767
  244.2282
  239.9931
  235.0880
  229.4260
  222.9233
  215.5120
  207.1587
  197.8907
  187.8207
  177.1581
  166.1895
  155.2274
  144.5453
  141.3402
  134.3304
  124.6706
  115.5700
  106.9781
   98.8179
   91.0093
   83.4858
   76.2053
   69.1552
   62.3527
   55.8389
   49.6684
   43.8971
   38.5712
   33.7199
   32.4633
   29.3534
   25.4633
   22.0275
   19.0139
   16.3851
   14.1017
   12.1249
   10.4176
    8.9460
    7.6791
    6.5897
    5.6536
    4.8497
    4.1596
    3.5674
    3.4356


w =

    0.0100
    0.0128
    0.0150
    0.0175
    0.0204
    0.0238
    0.0277
    0.0323
    0.0377
    0.0440
    0.0513
    0.0598
    0.0698
    0.0814
    0.0949
    0.1000
    0.1107
    0.1291
    0.1506
    0.1756
    0.2048
    0.2389
    0.2786
    0.3249
    0.3789
    0.4419
    0.5154
    0.6011
    0.7011
    0.8177
    0.9537
    1.0000
    1.1123
    1.2972
    1.5130
    1.7645
    2.0580
    2.4002
    2.7993
    3.2648
    3.8078
    4.4410
    5.1795
    6.0408
    7.0453
    8.2169
    9.5833
   10.0000
   11.1769
   13.0356
   15.2033
   17.7315
   20.6801
   24.1190
   28.1298
   32.8076
   38.2633
   44.6262
   52.0472
   60.7022
   70.7966
   82.5695
   96.3002
  100.0000

>> [x,y]=ginput(1)

x =

    4.9695


y =

    3.0096

>> filter_design_lab

den =

     4    20    20    12


mag =

    0.5000
    0.5000
    0.5001
    0.5001
    0.5001
    0.5001
    0.5002
    0.5003
    0.5004
    0.5005
    0.5007
    0.5009
    0.5013
    0.5014
    0.5017
    0.5023
    0.5031
    0.5041
    0.5054
    0.5070
    0.5088
    0.5106
    0.5118
    0.5109
    0.5051
    0.4896
    0.4580
    0.4062
    0.3380
    0.3354
    0.2650
    0.1988
    0.1450
    0.1039
    0.0735
    0.0515
    0.0357
    0.0245
    0.0166
    0.0112
    0.0074
    0.0049
    0.0032
    0.0020
    0.0014
    0.0013
    0.0008
    0.0005
    0.0003
    0.0002
    0.0001
    0.0001
    0.0001
    0.0000
    0.0000
    0.0000
    0.0000
    0.0000
    0.0000
    0.0000
    0.0000


phase =

   -0.9550
   -1.6711
   -1.9522
   -2.2806
   -2.6643
   -3.1127
   -3.6368
   -4.2494
   -4.9657
   -5.8037
   -6.7843
   -7.9326
   -9.2787
   -9.6008
  -10.8584
  -12.7154
  -14.9033
  -17.4884
  -20.5547
  -24.2099
  -28.5943
  -33.8925
  -40.3466
  -48.2656
  -58.0082
  -69.8942
  -83.9794
  -99.7393
 -116.0045
 -116.5651
 -131.4763
 -145.3818
 -157.6009
 -168.3796
 -178.0505
 -186.8971
 -195.1158
 -202.8192
 -210.0534
 -216.8200
 -223.0979
 -228.8613
 -234.0931
 -238.7907
 -242.3833
 -242.9676
 -246.6505
 -249.8758
 -252.6848
 -255.1209
 -257.2267
 -259.0425
 -260.6052
 -261.9483
 -263.1014
 -264.0907
 -264.9389
 -265.6659
 -266.2888
 -266.8224
 -267.1363


w =

    0.0100
    0.0175
    0.0204
    0.0239
    0.0279
    0.0326
    0.0381
    0.0445
    0.0519
    0.0607
    0.0709
    0.0828
    0.0967
    0.1000
    0.1129
    0.1319
    0.1541
    0.1800
    0.2103
    0.2456
    0.2869
    0.3351
    0.3915
    0.4573
    0.5342
    0.6240
    0.7289
    0.8514
    0.9946
    1.0000
    1.1618
    1.3571
    1.5853
    1.8518
    2.1631
    2.5268
    2.9516
    3.4478
    4.0274
    4.7045
    5.4955
    6.4194
    7.4986
    8.7592
   10.0000
   10.2318
   11.9520
   13.9614
   16.3086
   19.0504
   22.2531
   25.9943
   30.3645
   35.4694
   41.4325
   48.3982
   56.5349
   66.0395
   77.1421
   90.1112
  100.0000

>> [x,y]=ginput(1)

x =

    0.9598


y =

   -9.0494

>> filter_design_lab

den =

   1.0e+14 *

    0.0000    0.0020    1.0000


mag =

    0.0100
    0.0116
    0.0136
    0.0158
    0.0184
    0.0215
    0.0250
    0.0292
    0.0340
    0.0396
    0.0461
    0.0537
    0.0625
    0.0727
    0.0844
    0.0979
    0.0980
    0.1134
    0.1310
    0.1508
    0.1731
    0.1975
    0.2241
    0.2523
    0.2815
    0.3109
    0.3396
    0.3666
    0.3911
    0.4127
    0.4311
    0.4462
    0.4463
    0.4585
    0.4682
    0.4757
    0.4815
    0.4859
    0.4892
    0.4916
    0.4934
    0.4948
    0.4958
    0.4965
    0.4970
    0.4973
    0.4975
    0.4975
    0.4975
    0.4973
    0.4970
    0.4965
    0.4958
    0.4948
    0.4934
    0.4916
    0.4892
    0.4859
    0.4815
    0.4757
    0.4682
    0.4585
    0.4463
    0.4462
    0.4311
    0.4127
    0.3911
    0.3666
    0.3396
    0.3109
    0.2815
    0.2523
    0.2241
    0.1975
    0.1731
    0.1508
    0.1310
    0.1134
    0.0980
    0.0979
    0.0844
    0.0727
    0.0625
    0.0537
    0.0461
    0.0396
    0.0340
    0.0292
    0.0250
    0.0215
    0.0184
    0.0158
    0.0136
    0.0116
    0.0100


phase =

   88.8485
   88.6608
   88.4386
   88.1796
   87.8777
   87.5259
   87.1159
   86.6382
   86.0818
   85.4340
   84.6802
   83.8035
   82.7850
   81.6033
   80.2344
   78.6523
   78.6339
   76.8296
   74.7380
   72.3507
   69.6448
   66.6048
   63.2275
   59.5271
   55.5388
   51.3218
   46.9567
   42.5398
   38.1729
   33.9516
   29.9553
   26.2413
   26.2220
   22.8433
   19.7734
   17.0266
   14.5858
   12.4260
   10.5184
    8.8325
    7.3381
    6.0061
    4.8089
    3.7210
    2.7182
    1.7780
    0.8788
         0
   -0.8788
   -1.7780
   -2.7182
   -3.7210
   -4.8089
   -6.0061
   -7.3381
   -8.8325
  -10.5184
  -12.4260
  -14.5858
  -17.0266
  -19.7734
  -22.8433
  -26.2220
  -26.2413
  -29.9553
  -33.9516
  -38.1729
  -42.5398
  -46.9567
  -51.3218
  -55.5388
  -59.5271
  -63.2275
  -66.6048
  -69.6448
  -72.3507
  -74.7380
  -76.8296
  -78.6339
  -78.6523
  -80.2344
  -81.6033
  -82.7850
  -83.8035
  -84.6802
  -85.4340
  -86.0818
  -86.6382
  -87.1159
  -87.5259
  -87.8777
  -88.1796
  -88.4386
  -88.6608
  -88.8485


